1.342926 1.627954 1
1.141982 1.796888 1
0.339534 0.858477 1
0.295312 0.668659 2
0.952159 1.193294 1
1.816205 1.803982 1
1.104350 1.404133 1
0.065880 0.754910 1
0.107726 1.469912 1
1.610126 1.908206 1
0.902750 1.085626 1
0.765292 1.080212 1
1.579287 0.622219 1
0.728574 0.142469 2
1.064700 0.363961 1
1.423313 0.185978 2
1.742953 0.926978 1
0.657379 0.018665 1
1.300236 1.830052 1
1.949672 1.285483 1
0.151935 0.002838 1
1.174038 0.060771 1
0.827773 0.416940 1
0.618273 0.909932 1
0.527668 0.254532 2
1.517533 0.017295 1
1.990432 1.454159 1
0.373143 0.708233 1
1.562291 1.560892 1
0.391596 0.873313 1
1.984718 0.873110 1
1.604523 0.098426 1
0.848453 0.099264 1
1.457728 0.182200 2
0.996707 1.188074 1
1.617981 0.482168 1
0.713018 1.682738 2
0.146487 1.714426 1
1.181983 1.927224 1
1.820376 0.977800 1
0.387532 0.440620 1
0.864736 0.452417 1
1.498319 1.073576 1
0.078369 1.524219 1
1.892650 0.695134 1
1.527347 0.922464 2
1.117641 1.278648 1
0.367686 1.834672 1
0.995898 0.323145 1
1.035691 1.431271 1
1.988486 1.155478 1
1.709703 0.866598 1
1.924808 1.768486 1
1.357882 0.786104 1
0.807003 0.357950 2
1.869958 1.266667 1
0.958969 1.248001 1
0.463583 0.655883 1
0.792580 1.605931 2
1.410155 1.998956 1
1.117118 1.961956 2
1.513261 0.254074 1
1.990962 0.464480 1
1.924863 0.047265 1
1.070134 1.214865 2
1.927740 0.221619 1
0.231252 0.814919 1
0.102897 1.768154 1
0.608698 1.096266 1
1.160384 0.738006 1
1.061929 0.416692 1
1.802416 0.881887 1
1.081101 1.912392 1
0.863961 0.248052 1
1.085334 0.941526 1
1.424830 1.713793 1
0.033349 0.086781 1
1.601842 1.383250 1
0.285019 1.957971 2
0.956949 0.566536 2
0.513671 0.267561 2
0.738183 1.370559 1
1.323530 1.818909 1
0.339218 1.221738 1
0.557568 1.799966 1
0.396444 0.386868 2
0.390143 1.508849 1
0.653679 0.692521 1
1.760676 0.837251 1
0.942204 0.311440 1
0.807939 1.638001 2
0.358463 1.249847 1
1.937850 1.477121 1
0.814911 1.610225 2
1.688975 0.134445 1
1.230650 1.901581 1
0.753222 0.995154 2
1.754363 1.510292 1
1.569705 1.484810 1
0.929909 1.662259 1
